           1000         0.4130859         0.3154297         0.2714844         0.0000000
          10000         0.4101563         0.3144531         0.2753906         0.0000000
          11000         0.4091797         0.3164063         0.2744141         0.0000000
          21000         0.4033203         0.3173828         0.2792969         0.0000000
          31000         0.4062500         0.3193359         0.2744141         0.0000000
          41000         0.4121094         0.3193359         0.2685547         0.0000000
          51000         0.4033203         0.3212891         0.2753906         0.0000000
          61000         0.3945313         0.3349609         0.2705078         0.0000000
          71000         0.3876953         0.3447266         0.2675781         0.0000000
          81000         0.3886719         0.3496094         0.2617188         0.0000000
          91000         0.3886719         0.3535156         0.2578125         0.0000000
         100000         0.3906250         0.3613281         0.2480469         0.0000000
         100010         0.3906250         0.3613281         0.2480469         0.0000000
         100020         0.3906250         0.3613281         0.2480469         0.0000000
         100030         0.3906250         0.3613281         0.2480469         0.0000000
         100040         0.3906250         0.3613281         0.2480469         0.0000000
         100050         0.3906250         0.3613281         0.2480469         0.0000000
         100060         0.3906250         0.3613281         0.2480469         0.0000000
         100070         0.3906250         0.3613281         0.2480469         0.0000000
         100080         0.3906250         0.3613281         0.2480469         0.0000000
         100090         0.3906250         0.3613281         0.2480469         0.0000000
         101000         0.3916016         0.3623047         0.2460938         0.0000000
         110000         0.3974609         0.3613281         0.2412109         0.0000000
         111000         0.3945313         0.3642578         0.2412109         0.0000000
         121000         0.3867188         0.3652344         0.2480469         0.0000000
         131000         0.3876953         0.3681641         0.2441406         0.0000000
         141000         0.3867188         0.3681641         0.2451172         0.0000000
         151000         0.3769531         0.3730469         0.2500000         0.0000000
         161000         0.3798828         0.3652344         0.2548828         0.0000000
         171000         0.3759766         0.3691406         0.2548828         0.0000000
         181000         0.3671875         0.3769531         0.2558594         0.0000000
         191000         0.3525391         0.3896484         0.2578125         0.0000000
         201000         0.3496094         0.3994141         0.2509766         0.0000000
         210000         0.3427734         0.4052734         0.2519531         0.0000000
         211000         0.3447266         0.4052734         0.2500000         0.0000000
         221000         0.3378906         0.4062500         0.2558594         0.0000000
         231000         0.3339844         0.3994141         0.2666016         0.0000000
         241000         0.3251953         0.4042969         0.2705078         0.0000000
         251000         0.3193359         0.4023438         0.2783203         0.0000000
         261000         0.3144531         0.3964844         0.2890625         0.0000000
         271000         0.3144531         0.3886719         0.2968750         0.0000000
         281000         0.3115234         0.3857422         0.3027344         0.0000000
         291000         0.3046875         0.3808594         0.3144531         0.0000000
         301000         0.2978516         0.3808594         0.3212891         0.0000000
         310000         0.2968750         0.3847656         0.3183594         0.0000000
         311000         0.2968750         0.3837891         0.3193359         0.0000000
         321000         0.2978516         0.3701172         0.3320313         0.0000000
         331000         0.2939453         0.3623047         0.3437500         0.0000000
         341000         0.2900391         0.3603516         0.3496094         0.0000000
         351000         0.2822266         0.3535156         0.3642578         0.0000000
         361000         0.2822266         0.3408203         0.3769531         0.0000000
         371000         0.2783203         0.3212891         0.4003906         0.0000000
         381000         0.2802734         0.3056641         0.4140625         0.0000000
         391000         0.2802734         0.2978516         0.4218750         0.0000000
         401000         0.2802734         0.2929688         0.4267578         0.0000000
         410000         0.2919922         0.2802734         0.4277344         0.0000000
         411000         0.2919922         0.2812500         0.4267578         0.0000000
         421000         0.3154297         0.2763672         0.4082031         0.0000000
         431000         0.3222656         0.2753906         0.4023438         0.0000000
         441000         0.3173828         0.2812500         0.4013672         0.0000000
         451000         0.3144531         0.2783203         0.4072266         0.0000000
         461000         0.3271484         0.2832031         0.3896484         0.0000000
         471000         0.3271484         0.2910156         0.3818359         0.0000000
         481000         0.3310547         0.2861328         0.3828125         0.0000000
         491000         0.3417969         0.2724609         0.3857422         0.0000000
         501000         0.3447266         0.2714844         0.3837891         0.0000000
         510000         0.3437500         0.2617188         0.3945313         0.0000000
         511000         0.3417969         0.2587891         0.3994141         0.0000000
         521000         0.3466797         0.2539063         0.3994141         0.0000000
         531000         0.3593750         0.2500000         0.3906250         0.0000000
         541000         0.3593750         0.2441406         0.3964844         0.0000000
         551000         0.3740234         0.2343750         0.3916016         0.0000000
         561000         0.3818359         0.2343750         0.3837891         0.0000000
         571000         0.3964844         0.2324219         0.3710938         0.0000000
         581000         0.3984375         0.2392578         0.3623047         0.0000000
         591000         0.4013672         0.2353516         0.3632813         0.0000000
         601000         0.4052734         0.2353516         0.3593750         0.0000000
         610000         0.4111328         0.2333984         0.3554688         0.0000000
         611000         0.4091797         0.2353516         0.3554688         0.0000000
         621000         0.3974609         0.2451172         0.3574219         0.0000000
         631000         0.4023438         0.2421875         0.3554688         0.0000000
         641000         0.4003906         0.2460938         0.3535156         0.0000000
         651000         0.4140625         0.2460938         0.3398438         0.0000000
         661000         0.4257813         0.2480469         0.3261719         0.0000000
         671000         0.4306641         0.2412109         0.3281250         0.0000000
         681000         0.4501953         0.2373047         0.3125000         0.0000000
         691000         0.4580078         0.2392578         0.3027344         0.0000000
         701000         0.4658203         0.2392578         0.2949219         0.0000000
         710000         0.4707031         0.2402344         0.2890625         0.0000000
         711000         0.4687500         0.2431641         0.2880859         0.0000000
         721000         0.4677734         0.2460938         0.2861328         0.0000000
         731000         0.4707031         0.2548828         0.2744141         0.0000000
         741000         0.4824219         0.2558594         0.2617188         0.0000000
         751000         0.4863281         0.2597656         0.2539063         0.0000000
         761000         0.4931641         0.2578125         0.2490234         0.0000000
         771000         0.4931641         0.2685547         0.2382813         0.0000000
         781000         0.4843750         0.2783203         0.2373047         0.0000000
         791000         0.4833984         0.2841797         0.2324219         0.0000000
         801000         0.4775391         0.2929688         0.2294922         0.0000000
         810000         0.4746094         0.2968750         0.2285156         0.0000000
         811000         0.4775391         0.2978516         0.2246094         0.0000000
         821000         0.4667969         0.3115234         0.2216797         0.0000000
         831000         0.4550781         0.3173828         0.2275391         0.0000000
         841000         0.4453125         0.3261719         0.2285156         0.0000000
         851000         0.4365234         0.3310547         0.2324219         0.0000000
         861000         0.4179688         0.3505859         0.2314453         0.0000000
         871000         0.4072266         0.3603516         0.2324219         0.0000000
         881000         0.4003906         0.3671875         0.2324219         0.0000000
         891000         0.3916016         0.3769531         0.2314453         0.0000000
         901000         0.3857422         0.3789063         0.2353516         0.0000000
         910000         0.3720703         0.3886719         0.2392578         0.0000000
         911000         0.3720703         0.3847656         0.2431641         0.0000000
         921000         0.3544922         0.3896484         0.2558594         0.0000000
         931000         0.3486328         0.3955078         0.2558594         0.0000000
         941000         0.3447266         0.3945313         0.2607422         0.0000000
         951000         0.3291016         0.4042969         0.2666016         0.0000000
         961000         0.3281250         0.4023438         0.2695313         0.0000000
         971000         0.3173828         0.4169922         0.2656250         0.0000000
         981000         0.3085938         0.4267578         0.2646484         0.0000000
         991000         0.3017578         0.4316406         0.2666016         0.0000000
        1000000         0.2910156         0.4375000         0.2714844         0.0000000
        1000010         0.2910156         0.4375000         0.2714844         0.0000000
        1000020         0.2910156         0.4375000         0.2714844         0.0000000
        1000030         0.2910156         0.4375000         0.2714844         0.0000000
        1000040         0.2910156         0.4375000         0.2714844         0.0000000
        1000050         0.2910156         0.4375000         0.2714844         0.0000000
        1000060         0.2910156         0.4375000         0.2714844         0.0000000
        1000070         0.2910156         0.4375000         0.2714844         0.0000000
        1000080         0.2910156         0.4375000         0.2714844         0.0000000
        1000090         0.2910156         0.4375000         0.2714844         0.0000000
        1000100         0.2910156         0.4375000         0.2714844         0.0000000
        1000110         0.2910156         0.4375000         0.2714844         0.0000000
        1000120         0.2910156         0.4375000         0.2714844         0.0000000
        1000130         0.2910156         0.4375000         0.2714844         0.0000000
        1000140         0.2910156         0.4375000         0.2714844         0.0000000
        1000150         0.2910156         0.4375000         0.2714844         0.0000000
        1000160         0.2910156         0.4375000         0.2714844         0.0000000
        1000170         0.2910156         0.4375000         0.2714844         0.0000000
        1000180         0.2910156         0.4375000         0.2714844         0.0000000
        1000190         0.2900391         0.4384766         0.2714844         0.0000000
        1000200         0.2900391         0.4384766         0.2714844         0.0000000
        1000210         0.2900391         0.4384766         0.2714844         0.0000000
        1000220         0.2900391         0.4384766         0.2714844         0.0000000
        1000230         0.2900391         0.4384766         0.2714844         0.0000000
        1000240         0.2900391         0.4384766         0.2714844         0.0000000
        1000250         0.2900391         0.4384766         0.2714844         0.0000000
        1000260         0.2900391         0.4384766         0.2714844         0.0000000
        1000270         0.2900391         0.4384766         0.2714844         0.0000000
        1000280         0.2900391         0.4384766         0.2714844         0.0000000
        1000290         0.2900391         0.4384766         0.2714844         0.0000000
        1000300         0.2900391         0.4384766         0.2714844         0.0000000
        1000310         0.2900391         0.4384766         0.2714844         0.0000000
        1000320         0.2900391         0.4384766         0.2714844         0.0000000
        1000330         0.2900391         0.4384766         0.2714844         0.0000000
        1000340         0.2900391         0.4384766         0.2714844         0.0000000
        1000350         0.2900391         0.4384766         0.2714844         0.0000000
        1000360         0.2900391         0.4384766         0.2714844         0.0000000
        1000370         0.2900391         0.4384766         0.2714844         0.0000000
        1000380         0.2900391         0.4384766         0.2714844         0.0000000
        1000390         0.2900391         0.4384766         0.2714844         0.0000000
        1000400         0.2900391         0.4384766         0.2714844         0.0000000
        1000410         0.2900391         0.4384766         0.2714844         0.0000000
        1000420         0.2900391         0.4384766         0.2714844         0.0000000
        1000430         0.2900391         0.4384766         0.2714844         0.0000000
        1000440         0.2900391         0.4384766         0.2714844         0.0000000
        1000450         0.2900391         0.4384766         0.2714844         0.0000000
        1000460         0.2900391         0.4384766         0.2714844         0.0000000
        1000470         0.2900391         0.4384766         0.2714844         0.0000000
        1000480         0.2900391         0.4384766         0.2714844         0.0000000
        1000490         0.2900391         0.4384766         0.2714844         0.0000000
        1000500         0.2900391         0.4384766         0.2714844         0.0000000
        1000510         0.2900391         0.4384766         0.2714844         0.0000000
        1000520         0.2900391         0.4384766         0.2714844         0.0000000
        1000530         0.2900391         0.4384766         0.2714844         0.0000000
        1000540         0.2900391         0.4384766         0.2714844         0.0000000
        1000550         0.2900391         0.4384766         0.2714844         0.0000000
        1000560         0.2900391         0.4384766         0.2714844         0.0000000
        1000570         0.2900391         0.4384766         0.2714844         0.0000000
        1000580         0.2900391         0.4384766         0.2714844         0.0000000
        1000590         0.2900391         0.4384766         0.2714844         0.0000000
        1000600         0.2900391         0.4384766         0.2714844         0.0000000
        1000610         0.2900391         0.4384766         0.2714844         0.0000000
        1000620         0.2900391         0.4384766         0.2714844         0.0000000
        1000630         0.2900391         0.4384766         0.2714844         0.0000000
        1000640         0.2900391         0.4384766         0.2714844         0.0000000
        1000650         0.2900391         0.4384766         0.2714844         0.0000000
        1000660         0.2900391         0.4384766         0.2714844         0.0000000
        1000670         0.2900391         0.4384766         0.2714844         0.0000000
        1000680         0.2900391         0.4384766         0.2714844         0.0000000
        1000690         0.2900391         0.4384766         0.2714844         0.0000000
        1000700         0.2900391         0.4384766         0.2714844         0.0000000
        1000710         0.2900391         0.4384766         0.2714844         0.0000000
        1000720         0.2900391         0.4384766         0.2714844         0.0000000
        1000730         0.2910156         0.4384766         0.2705078         0.0000000
        1000740         0.2910156         0.4384766         0.2705078         0.0000000
        1000750         0.2910156         0.4384766         0.2705078         0.0000000
        1000760         0.2910156         0.4384766         0.2705078         0.0000000
        1000770         0.2910156         0.4384766         0.2705078         0.0000000
        1000780         0.2910156         0.4384766         0.2705078         0.0000000
        1000790         0.2910156         0.4384766         0.2705078         0.0000000
        1000800         0.2910156         0.4384766         0.2705078         0.0000000
        1000810         0.2910156         0.4384766         0.2705078         0.0000000
        1000820         0.2910156         0.4384766         0.2705078         0.0000000
        1000830         0.2910156         0.4384766         0.2705078         0.0000000
        1000840         0.2910156         0.4384766         0.2705078         0.0000000
        1000850         0.2910156         0.4384766         0.2705078         0.0000000
        1000860         0.2910156         0.4384766         0.2705078         0.0000000
        1000870         0.2910156         0.4384766         0.2705078         0.0000000
        1000880         0.2910156         0.4384766         0.2705078         0.0000000
        1000890         0.2910156         0.4384766         0.2705078         0.0000000
        1000900         0.2910156         0.4384766         0.2705078         0.0000000
        1000910         0.2910156         0.4384766         0.2705078         0.0000000
        1000920         0.2910156         0.4384766         0.2705078         0.0000000
        1000930         0.2910156         0.4384766         0.2705078         0.0000000
        1000940         0.2910156         0.4384766         0.2705078         0.0000000
        1000950         0.2910156         0.4384766         0.2705078         0.0000000
        1000960         0.2910156         0.4384766         0.2705078         0.0000000
        1000970         0.2910156         0.4384766         0.2705078         0.0000000
        1000980         0.2910156         0.4384766         0.2705078         0.0000000
        1000990         0.2910156         0.4384766         0.2705078         0.0000000
        1001000         0.2910156         0.4384766         0.2705078         0.0000000
        1010000         0.2841797         0.4423828         0.2734375         0.0000000
        1011000         0.2851563         0.4414063         0.2734375         0.0000000
        1021000         0.2871094         0.4316406         0.2812500         0.0000000
        1031000         0.2958984         0.4345703         0.2695313         0.0000000
        1041000         0.2871094         0.4335938         0.2792969         0.0000000
        1051000         0.2773438         0.4365234         0.2861328         0.0000000
        1061000         0.2753906         0.4306641         0.2939453         0.0000000
        1071000         0.2656250         0.4345703         0.2998047         0.0000000
        1081000         0.2597656         0.4296875         0.3105469         0.0000000
        1091000         0.2509766         0.4277344         0.3212891         0.0000000
        1100000         0.2490234         0.4169922         0.3339844         0.0000000
        1100010         0.2490234         0.4169922         0.3339844         0.0000000
        1100020         0.2490234         0.4169922         0.3339844         0.0000000
        1100030         0.2490234         0.4169922         0.3339844         0.0000000
        1100040         0.2490234         0.4169922         0.3339844         0.0000000
        1100050         0.2490234         0.4169922         0.3339844         0.0000000
        1100060         0.2490234         0.4169922         0.3339844         0.0000000
        1100070         0.2490234         0.4169922         0.3339844         0.0000000
        1100080         0.2500000         0.4169922         0.3330078         0.0000000
        1100090         0.2500000         0.4169922         0.3330078         0.0000000
        1101000         0.2500000         0.4169922         0.3330078         0.0000000
        1110000         0.2480469         0.4033203         0.3486328         0.0000000
        1111000         0.2470703         0.4033203         0.3496094         0.0000000
        1121000         0.2519531         0.3896484         0.3583984         0.0000000
        1131000         0.2480469         0.3759766         0.3759766         0.0000000
        1141000         0.2626953         0.3652344         0.3720703         0.0000000
        1151000         0.2626953         0.3593750         0.3779297         0.0000000
        1161000         0.2675781         0.3515625         0.3808594         0.0000000
        1171000         0.2695313         0.3417969         0.3886719         0.0000000
        1181000         0.2714844         0.3359375         0.3925781         0.0000000
        1191000         0.2744141         0.3291016         0.3964844         0.0000000
        1201000         0.2812500         0.3232422         0.3955078         0.0000000
        1210000         0.2802734         0.3193359         0.4003906         0.0000000
        1211000         0.2812500         0.3183594         0.4003906         0.0000000
        1221000         0.2832031         0.3164063         0.4003906         0.0000000
        1231000         0.2841797         0.3105469         0.4052734         0.0000000
        1241000         0.2861328         0.2998047         0.4140625         0.0000000
        1251000         0.2890625         0.2988281         0.4121094         0.0000000
        1261000         0.2841797         0.2910156         0.4248047         0.0000000
        1271000         0.2880859         0.2861328         0.4257813         0.0000000
        1281000         0.2998047         0.2822266         0.4179688         0.0000000
        1291000         0.3046875         0.2851563         0.4101563         0.0000000
        1301000         0.3085938         0.2841797         0.4072266         0.0000000
        1310000         0.3115234         0.2822266         0.4062500         0.0000000
        1311000         0.3115234         0.2822266         0.4062500         0.0000000
        1321000         0.3261719         0.2656250         0.4082031         0.0000000
        1331000         0.3388672         0.2558594         0.4052734         0.0000000
        1341000         0.3535156         0.2509766         0.3955078         0.0000000
        1351000         0.3623047         0.2382813         0.3994141         0.0000000
        1361000         0.3720703         0.2382813         0.3896484         0.0000000
        1371000         0.3720703         0.2441406         0.3837891         0.0000000
        1381000         0.3837891         0.2470703         0.3691406         0.0000000
        1391000         0.3916016         0.2470703         0.3613281         0.0000000
        1401000         0.4013672         0.2490234         0.3496094         0.0000000
        1410000         0.4140625         0.2451172         0.3408203         0.0000000
        1411000         0.4140625         0.2460938         0.3398438         0.0000000
        1421000         0.4189453         0.2353516         0.3457031         0.0000000
        1431000         0.4326172         0.2343750         0.3330078         0.0000000
        1441000         0.4345703         0.2382813         0.3271484         0.0000000
        1451000         0.4423828         0.2373047         0.3203125         0.0000000
        1461000         0.4531250         0.2373047         0.3095703         0.0000000
        1471000         0.4619141         0.2402344         0.2978516         0.0000000
        1481000         0.4609375         0.2470703         0.2919922         0.0000000
        1491000         0.4658203         0.2470703         0.2871094         0.0000000
        1501000         0.4697266         0.2509766         0.2792969         0.0000000
        1510000         0.4746094         0.2509766         0.2744141         0.0000000
        1511000         0.4765625         0.2509766         0.2724609         0.0000000
        1521000         0.4716797         0.2656250         0.2626953         0.0000000
        1531000         0.4707031         0.2646484         0.2646484         0.0000000
        1541000         0.4755859         0.2656250         0.2587891         0.0000000
        1551000         0.4746094         0.2656250         0.2597656         0.0000000
        1561000         0.4609375         0.2714844         0.2675781         0.0000000
        1571000         0.4560547         0.2802734         0.2636719         0.0000000
        1581000         0.4550781         0.2822266         0.2626953         0.0000000
        1591000         0.4628906         0.2802734         0.2568359         0.0000000
        1601000         0.4599609         0.2890625         0.2509766         0.0000000
        1610000         0.4521484         0.3007813         0.2470703         0.0000000
        1611000         0.4580078         0.3027344         0.2392578         0.0000000
        1621000         0.4589844         0.3046875         0.2363281         0.0000000
        1631000         0.4521484         0.3164063         0.2314453         0.0000000
        1641000         0.4462891         0.3281250         0.2255859         0.0000000
        1651000         0.4326172         0.3398438         0.2275391         0.0000000
        1661000         0.4228516         0.3486328         0.2285156         0.0000000
        1671000         0.4277344         0.3466797         0.2255859         0.0000000
        1681000         0.4189453         0.3583984         0.2226563         0.0000000
        1691000         0.4033203         0.3710938         0.2255859         0.0000000
        1701000         0.4013672         0.3808594         0.2177734         0.0000000
        1710000         0.3916016         0.3896484         0.2187500         0.0000000
        1711000         0.3886719         0.3935547         0.2177734         0.0000000
        1721000         0.3886719         0.3916016         0.2197266         0.0000000
        1731000         0.3818359         0.3847656         0.2333984         0.0000000
        1741000         0.3828125         0.3837891         0.2333984         0.0000000
        1751000         0.3789063         0.3867188         0.2343750         0.0000000
        1761000         0.3662109         0.3886719         0.2451172         0.0000000
        1771000         0.3632813         0.3964844         0.2402344         0.0000000
        1781000         0.3515625         0.4023438         0.2460938         0.0000000
        1791000         0.3447266         0.4052734         0.2500000         0.0000000
        1801000         0.3408203         0.4101563         0.2490234         0.0000000
        1810000         0.3408203         0.4140625         0.2451172         0.0000000
        1811000         0.3408203         0.4150391         0.2441406         0.0000000
        1821000         0.3271484         0.4140625         0.2587891         0.0000000
        1831000         0.3212891         0.4179688         0.2607422         0.0000000
        1841000         0.3222656         0.4169922         0.2607422         0.0000000
        1851000         0.3154297         0.4160156         0.2685547         0.0000000
        1861000         0.3085938         0.4111328         0.2802734         0.0000000
        1871000         0.3017578         0.4199219         0.2783203         0.0000000
        1881000         0.2910156         0.4306641         0.2783203         0.0000000
        1891000         0.2861328         0.4179688         0.2958984         0.0000000
        1901000         0.2792969         0.4072266         0.3134766         0.0000000
        1910000         0.2734375         0.4062500         0.3203125         0.0000000
        1911000         0.2744141         0.4052734         0.3203125         0.0000000
        1921000         0.2675781         0.3984375         0.3339844         0.0000000
        1931000         0.2636719         0.3994141         0.3369141         0.0000000
        1941000         0.2587891         0.3974609         0.3437500         0.0000000
        1951000         0.2617188         0.3876953         0.3505859         0.0000000
        1961000         0.2597656         0.3867188         0.3535156         0.0000000
        1971000         0.2656250         0.3857422         0.3486328         0.0000000
        1981000         0.2783203         0.3720703         0.3496094         0.0000000
        1991000         0.2734375         0.3642578         0.3623047         0.0000000
        2001000         0.2763672         0.3603516         0.3632813         0.0000000
        2010000         0.2812500         0.3535156         0.3652344         0.0000000
        2011000         0.2783203         0.3535156         0.3681641         0.0000000
        2021000         0.2773438         0.3486328         0.3740234         0.0000000
        2031000         0.2822266         0.3398438         0.3779297         0.0000000
        2041000         0.2763672         0.3369141         0.3867188         0.0000000
        2051000         0.2822266         0.3261719         0.3916016         0.0000000
        2061000         0.2773438         0.3281250         0.3945313         0.0000000
        2071000         0.2851563         0.3203125         0.3945313         0.0000000
        2081000         0.2890625         0.3125000         0.3984375         0.0000000
        2091000         0.2900391         0.2988281         0.4111328         0.0000000
        2100000         0.2832031         0.3046875         0.4121094         0.0000000
        2100010         0.2832031         0.3046875         0.4121094         0.0000000
        2100020         0.2832031         0.3046875         0.4121094         0.0000000
        2100030         0.2832031         0.3046875         0.4121094         0.0000000
        2100040         0.2832031         0.3046875         0.4121094         0.0000000
        2100050         0.2822266         0.3046875         0.4130859         0.0000000
        2100060         0.2822266         0.3046875         0.4130859         0.0000000
        2100070         0.2822266         0.3046875         0.4130859         0.0000000
        2100080         0.2822266         0.3046875         0.4130859         0.0000000
        2100090         0.2822266         0.3046875         0.4130859         0.0000000
        2101000         0.2812500         0.3056641         0.4130859         0.0000000
        2110000         0.2880859         0.3046875         0.4072266         0.0000000
        2111000         0.2880859         0.3037109         0.4082031         0.0000000
        2121000         0.2822266         0.3056641         0.4121094         0.0000000
        2131000         0.2890625         0.3027344         0.4082031         0.0000000
        2141000         0.2880859         0.3017578         0.4101563         0.0000000
        2151000         0.2919922         0.3027344         0.4052734         0.0000000
        2161000         0.3046875         0.2929688         0.4023438         0.0000000
        2171000         0.3066406         0.2871094         0.4062500         0.0000000
        2181000         0.3154297         0.2783203         0.4062500         0.0000000
        2191000         0.3144531         0.2812500         0.4042969         0.0000000
        2201000         0.3183594         0.2792969         0.4023438         0.0000000
        2210000         0.3193359         0.2763672         0.4042969         0.0000000
        2211000         0.3173828         0.2753906         0.4072266         0.0000000
        2221000         0.3212891         0.2792969         0.3994141         0.0000000
        2231000         0.3281250         0.2646484         0.4072266         0.0000000
        2241000         0.3261719         0.2646484         0.4091797         0.0000000
        2251000         0.3398438         0.2568359         0.4033203         0.0000000
        2261000         0.3378906         0.2597656         0.4023438         0.0000000
        2271000         0.3427734         0.2626953         0.3945313         0.0000000
        2281000         0.3515625         0.2587891         0.3896484         0.0000000
        2291000         0.3544922         0.2587891         0.3867188         0.0000000
        2301000         0.3603516         0.2607422         0.3789063         0.0000000
        2310000         0.3701172         0.2587891         0.3710938         0.0000000
        2311000         0.3691406         0.2597656         0.3710938         0.0000000
        2321000         0.3837891         0.2480469         0.3681641         0.0000000
        2331000         0.3828125         0.2500000         0.3671875         0.0000000
        2341000         0.3935547         0.2500000         0.3564453         0.0000000
        2351000         0.4072266         0.2441406         0.3486328         0.0000000
        2361000         0.4179688         0.2402344         0.3417969         0.0000000
        2371000         0.4248047         0.2421875         0.3330078         0.0000000
        2381000         0.4375000         0.2382813         0.3242188         0.0000000
        2391000         0.4453125         0.2382813         0.3164063         0.0000000
        2401000         0.4570313         0.2353516         0.3076172         0.0000000
        2410000         0.4638672         0.2333984         0.3027344         0.0000000
        2411000         0.4648438         0.2285156         0.3066406         0.0000000
        2421000         0.4609375         0.2275391         0.3115234         0.0000000
        2431000         0.4658203         0.2324219         0.3017578         0.0000000
        2441000         0.4658203         0.2421875         0.2919922         0.0000000
        2451000         0.4638672         0.2519531         0.2841797         0.0000000
        2461000         0.4628906         0.2597656         0.2773438         0.0000000
        2471000         0.4560547         0.2656250         0.2783203         0.0000000
        2481000         0.4550781         0.2714844         0.2734375         0.0000000
        2491000         0.4658203         0.2773438         0.2568359         0.0000000
        2501000         0.4667969         0.2861328         0.2470703         0.0000000
        2510000         0.4658203         0.2910156         0.2431641         0.0000000
        2511000         0.4658203         0.2880859         0.2460938         0.0000000
        2521000         0.4677734         0.2988281         0.2333984         0.0000000
        2531000         0.4609375         0.3037109         0.2353516         0.0000000
        2541000         0.4472656         0.3154297         0.2373047         0.0000000
        2551000         0.4414063         0.3183594         0.2402344         0.0000000
        2561000         0.4375000         0.3232422         0.2392578         0.0000000
        2571000         0.4375000         0.3251953         0.2373047         0.0000000
        2581000         0.4355469         0.3291016         0.2353516         0.0000000
        2591000         0.4179688         0.3437500         0.2382813         0.0000000
        2601000         0.4169922         0.3457031         0.2373047         0.0000000
        2610000         0.4101563         0.3476563         0.2421875         0.0000000
        2611000         0.4091797         0.3466797         0.2441406         0.0000000
        2621000         0.4052734         0.3525391         0.2421875         0.0000000
        2631000         0.3964844         0.3671875         0.2363281         0.0000000
        2641000         0.3935547         0.3740234         0.2324219         0.0000000
        2651000         0.3798828         0.3896484         0.2304688         0.0000000
        2661000         0.3818359         0.3896484         0.2285156         0.0000000
        2671000         0.3837891         0.3857422         0.2304688         0.0000000
        2681000         0.3857422         0.3876953         0.2265625         0.0000000
        2691000         0.3935547         0.3740234         0.2324219         0.0000000
        2701000         0.3847656         0.3779297         0.2373047         0.0000000
        2710000         0.3818359         0.3867188         0.2314453         0.0000000
        2711000         0.3808594         0.3857422         0.2333984         0.0000000
        2721000         0.3759766         0.4003906         0.2236328         0.0000000
        2731000         0.3642578         0.4111328         0.2246094         0.0000000
        2741000         0.3525391         0.4179688         0.2294922         0.0000000
        2751000         0.3447266         0.4228516         0.2324219         0.0000000
        2761000         0.3310547         0.4345703         0.2343750         0.0000000
        2771000         0.3271484         0.4326172         0.2402344         0.0000000
        2781000         0.3339844         0.4355469         0.2304688         0.0000000
        2791000         0.3339844         0.4326172         0.2333984         0.0000000
        2801000         0.3281250         0.4208984         0.2509766         0.0000000
        2810000         0.3339844         0.4179688         0.2480469         0.0000000
        2811000         0.3320313         0.4199219         0.2480469         0.0000000
        2821000         0.3320313         0.4130859         0.2548828         0.0000000
        2831000         0.3281250         0.4052734         0.2666016         0.0000000
        2841000         0.3271484         0.4052734         0.2675781         0.0000000
        2851000         0.3222656         0.4072266         0.2705078         0.0000000
        2861000         0.3212891         0.3964844         0.2822266         0.0000000
        2871000         0.3115234         0.4033203         0.2851563         0.0000000
        2881000         0.3056641         0.4052734         0.2890625         0.0000000
        2891000         0.2988281         0.4042969         0.2968750         0.0000000
        2901000         0.2890625         0.4091797         0.3017578         0.0000000
        2910000         0.2861328         0.4042969         0.3095703         0.0000000
        2911000         0.2871094         0.4052734         0.3076172         0.0000000
        2921000         0.2822266         0.3945313         0.3232422         0.0000000
        2931000         0.2812500         0.3925781         0.3261719         0.0000000
